n_sub,mass
2.842616600000000000e+07,2.033032870614751279e+08
2.319114900000000000e+07,2.559436743829751611e+08
1.888296800000000000e+07,3.222139956686989665e+08
1.531007200000000000e+07,4.056433871830605268e+08
1.236225400000000000e+07,5.106747682510148883e+08
9.927631000000000000e+06,6.429014429132993221e+08
7.945625000000000000e+06,8.093649637626888752e+08
6.367111000000000000e+06,1.018930120296713591e+09
5.122371000000000000e+06,1.282757021284019470e+09
4.133376000000000000e+06,1.614895411251842022e+09
3.345548000000000000e+06,2.033032870614734650e+09
2.713403000000000000e+06,2.559436743829730988e+09
2.202348000000000000e+06,3.222139956686963558e+09
1.788827000000000000e+06,4.056433871830572128e+09
1.453286000000000000e+06,5.106747682510107040e+09
1.183260000000000000e+06,6.429014429132940292e+09
9.611730000000000000e+05,8.093649637626823425e+09
7.816160000000000000e+05,1.018930120296705246e+10
6.347140000000000000e+05,1.282757021284008980e+10
5.160780000000000000e+05,1.614895411251828957e+10
4.199820000000000000e+05,2.033032870614717865e+10
3.414880000000000000e+05,2.559436743829709625e+10
2.787490000000000000e+05,3.222139956686936951e+10
2.275130000000000000e+05,4.056433871830538940e+10
1.863140000000000000e+05,5.106747682510065460e+10
1.524970000000000000e+05,6.429014429132888794e+10
1.247890000000000000e+05,8.093649637626757812e+10
1.020060000000000000e+05,1.018930120296696930e+11
8.338100000000000000e+04,1.282757021283998413e+11
6.810200000000000000e+04,1.614895411251815796e+11
5.537400000000000000e+04,2.033032870614701538e+11
4.497200000000000000e+04,2.559436743829688721e+11
3.641700000000000000e+04,3.222139956686911011e+11
2.931200000000000000e+04,4.056433871830505981e+11
2.347000000000000000e+04,5.106747682510023193e+11
1.876800000000000000e+04,6.429014429132834473e+11
1.480600000000000000e+04,8.093649637626690674e+11
1.160900000000000000e+04,1.018930120296688477e+12
9.020000000000000000e+03,1.282757021283987793e+12
6.983000000000000000e+03,1.614895411251802490e+12
5.244000000000000000e+03,2.033032870614684570e+12
3.978000000000000000e+03,2.559436743829667969e+12
3.062000000000000000e+03,3.222139956686884766e+12
2.301000000000000000e+03,4.056433871830473145e+12
1.717000000000000000e+03,5.106747682509982422e+12
1.281000000000000000e+03,6.429014429132783203e+12
9.640000000000000000e+02,8.093649637626625000e+12
7.010000000000000000e+02,1.018930120296680273e+13
5.190000000000000000e+02,1.282757021283977344e+13
3.680000000000000000e+02,1.614895411251789453e+13
2.710000000000000000e+02,2.033032870614668359e+13
1.930000000000000000e+02,2.559436743829646875e+13
1.270000000000000000e+02,3.222139956686857812e+13
9.100000000000000000e+01,4.056433871830439062e+13
6.100000000000000000e+01,5.106747682509940625e+13
3.600000000000000000e+01,6.429014429132729688e+13
2.200000000000000000e+01,8.093649637626559375e+13
1.200000000000000000e+01,1.018930120296671875e+14
5.000000000000000000e+00,1.282757021283967031e+14
4.000000000000000000e+00,1.614895411251776250e+14
2.000000000000000000e+00,2.033032870614651562e+14
