n_sub,mass
3.987090000000000000e+05,2.597764223563292250e+07
3.243550000000000000e+05,3.270391394893570244e+07
2.634230000000000000e+05,4.117178833544485271e+07
2.129710000000000000e+05,5.183221058450216055e+07
1.728270000000000000e+05,6.525288705429631472e+07
1.412560000000000000e+05,8.214851770558820665e+07
1.170590000000000000e+05,1.034188564807879925e+08
9.794100000000000000e+04,1.301966264823578000e+08
8.001000000000000000e+04,1.639078416085135341e+08
6.219100000000000000e+04,2.063477469932908416e+08
4.732600000000000000e+04,2.597764223563270867e+08
3.678700000000000000e+04,3.270391394893543124e+08
2.917800000000000000e+04,4.117178833544450998e+08
2.351800000000000000e+04,5.183221058450173140e+08
1.904500000000000000e+04,6.525288705429577827e+08
1.538500000000000000e+04,8.214851770558753014e+08
1.231000000000000000e+04,1.034188564807871342e+09
9.961000000000000000e+03,1.301966264823567390e+09
8.035000000000000000e+03,1.639078416085121870e+09
6.460000000000000000e+03,2.063477469932891607e+09
5.231000000000000000e+03,2.597764223563249588e+09
4.256000000000000000e+03,3.270391394893516541e+09
3.455000000000000000e+03,4.117178833544418335e+09
2.760000000000000000e+03,5.183221058450130463e+09
2.269000000000000000e+03,6.525288705429525375e+09
1.797000000000000000e+03,8.214851770558686256e+09
1.445000000000000000e+03,1.034188564807862854e+10
1.141000000000000000e+03,1.301966264823556519e+10
9.310000000000000000e+02,1.639078416085108566e+10
7.330000000000000000e+02,2.063477469932875061e+10
5.800000000000000000e+02,2.597764223563228607e+10
4.680000000000000000e+02,3.270391394893489838e+10
3.620000000000000000e+02,4.117178833544384003e+10
2.760000000000000000e+02,5.183221058450088501e+10
2.080000000000000000e+02,6.525288705429470825e+10
1.440000000000000000e+02,8.214851770558618164e+10
1.120000000000000000e+02,1.034188564807854462e+11
7.700000000000000000e+01,1.301966264823545837e+11
5.500000000000000000e+01,1.639078416085094910e+11
4.300000000000000000e+01,2.063477469932857666e+11
3.200000000000000000e+01,2.597764223563207397e+11
2.600000000000000000e+01,3.270391394893463135e+11
1.900000000000000000e+01,4.117178833544350586e+11
1.000000000000000000e+01,5.183221058450046387e+11
8.000000000000000000e+00,6.525288705429418945e+11
7.000000000000000000e+00,8.214851770558552246e+11
4.000000000000000000e+00,1.034188564807845947e+12
2.000000000000000000e+00,1.301966264823535156e+12
