n_sub,mass
2.507364500000000000e+07,2.597764223563292250e+07
2.040574500000000000e+07,3.270391394893570244e+07
1.657299800000000000e+07,4.117178833544485271e+07
1.343382200000000000e+07,5.183221058450216055e+07
1.090978100000000000e+07,6.525288705429631472e+07
8.926230000000000000e+06,8.214851770558820665e+07
7.398114000000000000e+06,1.034188564807879925e+08
6.200719000000000000e+06,1.301966264823578000e+08
5.066213000000000000e+06,1.639078416085135341e+08
3.949452000000000000e+06,2.063477469932908416e+08
3.010656000000000000e+06,2.597764223563270867e+08
2.334487000000000000e+06,3.270391394893543124e+08
1.851775000000000000e+06,4.117178833544450998e+08
1.491736000000000000e+06,5.183221058450173140e+08
1.205276000000000000e+06,6.525288705429577827e+08
9.752850000000000000e+05,8.214851770558753014e+08
7.877690000000000000e+05,1.034188564807871342e+09
6.365700000000000000e+05,1.301966264823567390e+09
5.130180000000000000e+05,1.639078416085121870e+09
4.138340000000000000e+05,2.063477469932891607e+09
3.340650000000000000e+05,2.597764223563249588e+09
2.688120000000000000e+05,3.270391394893516541e+09
2.162530000000000000e+05,4.117178833544418335e+09
1.739440000000000000e+05,5.183221058450130463e+09
1.396220000000000000e+05,6.525288705429525375e+09
1.118960000000000000e+05,8.214851770558686256e+09
8.927700000000000000e+04,1.034188564807862854e+10
7.105400000000000000e+04,1.301966264823556519e+10
5.642900000000000000e+04,1.639078416085108566e+10
4.467300000000000000e+04,2.063477469932875061e+10
3.512500000000000000e+04,2.597764223563228607e+10
2.748100000000000000e+04,3.270391394893489838e+10
2.152300000000000000e+04,4.117178833544384003e+10
1.676500000000000000e+04,5.183221058450088501e+10
1.289700000000000000e+04,6.525288705429470825e+10
9.898000000000000000e+03,8.214851770558618164e+10
7.568000000000000000e+03,1.034188564807854462e+11
5.767000000000000000e+03,1.301966264823545837e+11
4.325000000000000000e+03,1.639078416085094910e+11
3.237000000000000000e+03,2.063477469932857666e+11
2.389000000000000000e+03,2.597764223563207397e+11
1.780000000000000000e+03,3.270391394893463135e+11
1.292000000000000000e+03,4.117178833544350586e+11
9.480000000000000000e+02,5.183221058450046387e+11
6.760000000000000000e+02,6.525288705429418945e+11
5.000000000000000000e+02,8.214851770558552246e+11
3.420000000000000000e+02,1.034188564807845947e+12
2.440000000000000000e+02,1.301966264823535156e+12
1.700000000000000000e+02,1.639078416085081543e+12
1.170000000000000000e+02,2.063477469932840820e+12
7.800000000000000000e+01,2.597764223563185547e+12
4.900000000000000000e+01,3.270391394893436523e+12
3.300000000000000000e+01,4.117178833544316406e+12
2.200000000000000000e+01,5.183221058450003906e+12
1.300000000000000000e+01,6.525288705429365234e+12
8.000000000000000000e+00,8.214851770558484375e+12
7.000000000000000000e+00,1.034188564807837500e+13
5.000000000000000000e+00,1.301966264823524609e+13
3.000000000000000000e+00,1.639078416085068164e+13
1.000000000000000000e+00,2.063477469932824219e+13
1.000000000000000000e+00,2.597764223563164844e+13
