n_sub,mass
2.670206200000000000e+07,1.694194058845625162e+09
2.182799700000000000e+07,2.132863953191458464e+09
1.779653900000000000e+07,2.685116630572489738e+09
1.446275200000000000e+07,3.380361559858836174e+09
1.171140700000000000e+07,4.255623068758455276e+09
9.470722000000000000e+06,5.357512024277490616e+09
7.660650000000000000e+06,6.744708031355737686e+09
6.209669000000000000e+06,8.491084335805940628e+09
5.040519000000000000e+06,1.068964184403348923e+10
4.101191000000000000e+06,1.345746176043201065e+10
3.345378000000000000e+06,1.694194058845611191e+10
2.723180000000000000e+06,2.132863953191440582e+10
2.216901000000000000e+06,2.685116630572467804e+10
1.804979000000000000e+06,3.380361559858808136e+10
1.471941000000000000e+06,4.255623068758419800e+10
1.202370000000000000e+06,5.357512024277446747e+10
9.853480000000000000e+05,6.744708031355681610e+10
8.097900000000000000e+05,8.491084335805871582e+10
6.691340000000000000e+05,1.068964184403340149e+11
5.538540000000000000e+05,1.345746176043190002e+11
4.580170000000000000e+05,1.694194058845597534e+11
3.785950000000000000e+05,2.132863953191423340e+11
3.125970000000000000e+05,2.685116630572445679e+11
2.572240000000000000e+05,3.380361559858780518e+11
2.109530000000000000e+05,4.255623068758385010e+11
1.719380000000000000e+05,5.357512024277402954e+11
1.394760000000000000e+05,6.744708031355626221e+11
1.117420000000000000e+05,8.491084335805802002e+11
8.902600000000000000e+04,1.068964184403331299e+12
7.052700000000000000e+04,1.345746176043178955e+12
5.573800000000000000e+04,1.694194058845583496e+12
4.377300000000000000e+04,2.132863953191405762e+12
3.465400000000000000e+04,2.685116630572423828e+12
2.750200000000000000e+04,3.380361559858752930e+12
2.189100000000000000e+04,4.255623068758350586e+12
1.738700000000000000e+04,5.357512024277359375e+12
1.383300000000000000e+04,6.744708031355571289e+12
1.102600000000000000e+04,8.491084335805732422e+12
8.782000000000000000e+03,1.068964184403322656e+13
6.959000000000000000e+03,1.345746176043167969e+13
5.508000000000000000e+03,1.694194058845569531e+13
4.340000000000000000e+03,2.132863953191388281e+13
3.358000000000000000e+03,2.685116630572401953e+13
2.554000000000000000e+03,3.380361559858725000e+13
1.960000000000000000e+03,4.255623068758315625e+13
1.460000000000000000e+03,5.357512024277315625e+13
1.119000000000000000e+03,6.744708031355515625e+13
8.090000000000000000e+02,8.491084335805662500e+13
6.000000000000000000e+02,1.068964184403313906e+14
4.130000000000000000e+02,1.345746176043156875e+14
3.060000000000000000e+02,1.694194058845555625e+14
2.130000000000000000e+02,2.132863953191371250e+14
1.360000000000000000e+02,2.685116630572380000e+14
9.400000000000000000e+01,3.380361559858697500e+14
6.300000000000000000e+01,4.255623068758280625e+14
4.100000000000000000e+01,5.357512024277271250e+14
1.900000000000000000e+01,6.744708031355460000e+14
1.200000000000000000e+01,8.491084335805593750e+14
5.000000000000000000e+00,1.068964184403305125e+15
0.000000000000000000e+00,1.345746176043146000e+15
0.000000000000000000e+00,1.694194058845542000e+15
