n_sub,mass
3.159962000000000000e+06,2.597764223563292250e+07
2.571522000000000000e+06,3.270391394893570244e+07
2.089030000000000000e+06,4.117178833544485271e+07
1.693293000000000000e+06,5.183221058450216055e+07
1.376113000000000000e+06,6.525288705429631472e+07
1.126583000000000000e+06,8.214851770558820665e+07
9.353730000000000000e+05,1.034188564807879925e+08
7.845400000000000000e+05,1.301966264823578000e+08
6.418710000000000000e+05,1.639078416085135341e+08
5.009230000000000000e+05,2.063477469932908416e+08
3.816060000000000000e+05,2.597764223563270867e+08
2.963520000000000000e+05,3.270391394893543124e+08
2.353190000000000000e+05,4.117178833544450998e+08
1.899290000000000000e+05,5.183221058450173140e+08
1.533330000000000000e+05,6.525288705429577827e+08
1.242950000000000000e+05,8.214851770558753014e+08
1.005050000000000000e+05,1.034188564807871342e+09
8.144700000000000000e+04,1.301966264823567390e+09
6.599200000000000000e+04,1.639078416085121870e+09
5.321000000000000000e+04,2.063477469932891607e+09
4.295800000000000000e+04,2.597764223563249588e+09
3.461200000000000000e+04,3.270391394893516541e+09
2.780200000000000000e+04,4.117178833544418335e+09
2.229500000000000000e+04,5.183221058450130463e+09
1.798000000000000000e+04,6.525288705429525375e+09
1.436600000000000000e+04,8.214851770558686256e+09
1.147100000000000000e+04,1.034188564807862854e+10
9.134000000000000000e+03,1.301966264823556519e+10
7.220000000000000000e+03,1.639078416085108566e+10
5.700000000000000000e+03,2.063477469932875061e+10
4.496000000000000000e+03,2.597764223563228607e+10
3.515000000000000000e+03,3.270391394893489838e+10
2.727000000000000000e+03,4.117178833544384003e+10
2.132000000000000000e+03,5.183221058450088501e+10
1.644000000000000000e+03,6.525288705429470825e+10
1.267000000000000000e+03,8.214851770558618164e+10
9.840000000000000000e+02,1.034188564807854462e+11
7.500000000000000000e+02,1.301966264823545837e+11
5.590000000000000000e+02,1.639078416085094910e+11
4.190000000000000000e+02,2.063477469932857666e+11
3.030000000000000000e+02,2.597764223563207397e+11
2.160000000000000000e+02,3.270391394893463135e+11
1.600000000000000000e+02,4.117178833544350586e+11
1.150000000000000000e+02,5.183221058450046387e+11
7.600000000000000000e+01,6.525288705429418945e+11
5.600000000000000000e+01,8.214851770558552246e+11
4.200000000000000000e+01,1.034188564807845947e+12
2.800000000000000000e+01,1.301966264823535156e+12
1.500000000000000000e+01,1.639078416085081543e+12
1.000000000000000000e+01,2.063477469932840820e+12
6.000000000000000000e+00,2.597764223563185547e+12
6.000000000000000000e+00,3.270391394893436523e+12
5.000000000000000000e+00,4.117178833544316406e+12
1.000000000000000000e+00,5.183221058450003906e+12
