n_sub,mass
2.976864000000000000e+06,2.597764223563292250e+07
2.426073000000000000e+06,3.270391394893570244e+07
1.975845000000000000e+06,4.117178833544485271e+07
1.604930000000000000e+06,5.183221058450216055e+07
1.300199000000000000e+06,6.525288705429631472e+07
1.051706000000000000e+06,8.214851770558820665e+07
8.489640000000000000e+05,1.034188564807879925e+08
6.855530000000000000e+05,1.301966264823578000e+08
5.527160000000000000e+05,1.639078416085135341e+08
4.455790000000000000e+05,2.063477469932908416e+08
3.576830000000000000e+05,2.597764223563270867e+08
2.873820000000000000e+05,3.270391394893543124e+08
2.310810000000000000e+05,4.117178833544450998e+08
1.865580000000000000e+05,5.183221058450173140e+08
1.509040000000000000e+05,6.525288705429577827e+08
1.222740000000000000e+05,8.214851770558753014e+08
9.907500000000000000e+04,1.034188564807871342e+09
8.022300000000000000e+04,1.301966264823567390e+09
6.500800000000000000e+04,1.639078416085121870e+09
5.287600000000000000e+04,2.063477469932891607e+09
4.289900000000000000e+04,2.597764223563249588e+09
3.484600000000000000e+04,3.270391394893516541e+09
2.849000000000000000e+04,4.117178833544418335e+09
2.323700000000000000e+04,5.183221058450130463e+09
1.888600000000000000e+04,6.525288705429525375e+09
1.537100000000000000e+04,8.214851770558686256e+09
1.248500000000000000e+04,1.034188564807862854e+10
1.024600000000000000e+04,1.301966264823556519e+10
8.342000000000000000e+03,1.639078416085108566e+10
6.824000000000000000e+03,2.063477469932875061e+10
5.547000000000000000e+03,2.597764223563228607e+10
4.543000000000000000e+03,3.270391394893489838e+10
3.697000000000000000e+03,4.117178833544384003e+10
3.053000000000000000e+03,5.183221058450088501e+10
2.476000000000000000e+03,6.525288705429470825e+10
2.022000000000000000e+03,8.214851770558618164e+10
1.659000000000000000e+03,1.034188564807854462e+11
1.331000000000000000e+03,1.301966264823545837e+11
1.075000000000000000e+03,1.639078416085094910e+11
8.610000000000000000e+02,2.063477469932857666e+11
7.090000000000000000e+02,2.597764223563207397e+11
5.730000000000000000e+02,3.270391394893463135e+11
4.620000000000000000e+02,4.117178833544350586e+11
3.600000000000000000e+02,5.183221058450046387e+11
2.980000000000000000e+02,6.525288705429418945e+11
2.330000000000000000e+02,8.214851770558552246e+11
1.830000000000000000e+02,1.034188564807845947e+12
1.380000000000000000e+02,1.301966264823535156e+12
1.090000000000000000e+02,1.639078416085081543e+12
8.700000000000000000e+01,2.063477469932840820e+12
6.100000000000000000e+01,2.597764223563185547e+12
4.000000000000000000e+01,3.270391394893436523e+12
2.900000000000000000e+01,4.117178833544316406e+12
2.100000000000000000e+01,5.183221058450003906e+12
1.600000000000000000e+01,6.525288705429365234e+12
1.300000000000000000e+01,8.214851770558484375e+12
1.200000000000000000e+01,1.034188564807837500e+13
6.000000000000000000e+00,1.301966264823524609e+13
4.000000000000000000e+00,1.639078416085068164e+13
2.000000000000000000e+00,2.063477469932824219e+13
2.000000000000000000e+00,2.597764223563164844e+13
1.000000000000000000e+00,3.270391394893409375e+13
1.000000000000000000e+00,4.117178833544282812e+13
0.000000000000000000e+00,5.183221058449960938e+13
