n_sub,mass
3.279807200000000000e+07,1.694194058845625162e+09
2.656558500000000000e+07,2.132863953191458464e+09
2.138871300000000000e+07,2.685116630572489738e+09
1.715309800000000000e+07,3.380361559858836174e+09
1.374827600000000000e+07,4.255623068758455276e+09
1.107220000000000000e+07,5.357512024277490616e+09
8.962992000000000000e+06,6.744708031355737686e+09
7.289332000000000000e+06,8.491084335805940628e+09
5.937853000000000000e+06,1.068964184403348923e+10
4.839207000000000000e+06,1.345746176043201065e+10
3.946598000000000000e+06,1.694194058845611191e+10
3.212228000000000000e+06,2.132863953191440582e+10
2.611621000000000000e+06,2.685116630572467804e+10
2.122823000000000000e+06,3.380361559858808136e+10
1.726754000000000000e+06,4.255623068758419800e+10
1.405606000000000000e+06,5.357512024277446747e+10
1.147376000000000000e+06,6.744708031355681610e+10
9.363230000000000000e+05,8.491084335805871582e+10
7.650610000000000000e+05,1.068964184403340149e+11
6.254420000000000000e+05,1.345746176043190002e+11
5.109070000000000000e+05,1.694194058845597534e+11
4.164130000000000000e+05,2.132863953191423340e+11
3.382880000000000000e+05,2.685116630572445679e+11
2.745140000000000000e+05,3.380361559858780518e+11
2.217380000000000000e+05,4.255623068758385010e+11
1.783310000000000000e+05,5.357512024277402954e+11
1.425470000000000000e+05,6.744708031355626221e+11
1.125560000000000000e+05,8.491084335805802002e+11
8.783000000000000000e+04,1.068964184403331299e+12
6.762200000000000000e+04,1.345746176043178955e+12
5.167300000000000000e+04,1.694194058845583496e+12
3.926800000000000000e+04,2.132863953191405762e+12
2.976800000000000000e+04,2.685116630572423828e+12
2.250400000000000000e+04,3.380361559858752930e+12
1.695600000000000000e+04,4.255623068758350586e+12
1.278700000000000000e+04,5.357512024277359375e+12
9.487000000000000000e+03,6.744708031355571289e+12
7.210000000000000000e+03,8.491084335805732422e+12
5.356000000000000000e+03,1.068964184403322656e+13
3.924000000000000000e+03,1.345746176043167969e+13
2.853000000000000000e+03,1.694194058845569531e+13
2.106000000000000000e+03,2.132863953191388281e+13
1.455000000000000000e+03,2.685116630572401953e+13
1.000000000000000000e+03,3.380361559858725000e+13
7.020000000000000000e+02,4.255623068758315625e+13
4.650000000000000000e+02,5.357512024277315625e+13
2.870000000000000000e+02,6.744708031355515625e+13
1.660000000000000000e+02,8.491084335805662500e+13
1.010000000000000000e+02,1.068964184403313906e+14
6.100000000000000000e+01,1.345746176043156875e+14
3.000000000000000000e+01,1.694194058845555625e+14
2.000000000000000000e+01,2.132863953191371250e+14
9.000000000000000000e+00,2.685116630572380000e+14
6.000000000000000000e+00,3.380361559858697500e+14
