n_sub,mass
2.565790000000000000e+05,2.597764223563292250e+07
2.062220000000000000e+05,3.270391394893570244e+07
1.653200000000000000e+05,4.117178833544485271e+07
1.317440000000000000e+05,5.183221058450216055e+07
1.043070000000000000e+05,6.525288705429631472e+07
8.172300000000000000e+04,8.214851770558820665e+07
6.249100000000000000e+04,1.034188564807879925e+08
4.593300000000000000e+04,1.301966264823578000e+08
3.261600000000000000e+04,1.639078416085135341e+08
2.287300000000000000e+04,2.063477469932908416e+08
1.620500000000000000e+04,2.597764223563270867e+08
1.173300000000000000e+04,3.270391394893543124e+08
8.593000000000000000e+03,4.117178833544450998e+08
6.493000000000000000e+03,5.183221058450173140e+08
4.921000000000000000e+03,6.525288705429577827e+08
3.658000000000000000e+03,8.214851770558753014e+08
2.707000000000000000e+03,1.034188564807871342e+09
2.020000000000000000e+03,1.301966264823567390e+09
1.489000000000000000e+03,1.639078416085121870e+09
1.090000000000000000e+03,2.063477469932891607e+09
7.900000000000000000e+02,2.597764223563249588e+09
5.870000000000000000e+02,3.270391394893516541e+09
4.250000000000000000e+02,4.117178833544418335e+09
3.050000000000000000e+02,5.183221058450130463e+09
2.070000000000000000e+02,6.525288705429525375e+09
1.400000000000000000e+02,8.214851770558686256e+09
9.100000000000000000e+01,1.034188564807862854e+10
5.300000000000000000e+01,1.301966264823556519e+10
3.100000000000000000e+01,1.639078416085108566e+10
2.100000000000000000e+01,2.063477469932875061e+10
1.500000000000000000e+01,2.597764223563228607e+10
3.000000000000000000e+00,3.270391394893489838e+10
1.000000000000000000e+00,4.117178833544384003e+10
