n_sub,mass
3.462471800000000000e+07,1.694194058845625162e+09
2.674655200000000000e+07,2.132863953191458464e+09
2.035360100000000000e+07,2.685116630572489738e+09
1.554207000000000000e+07,3.380361559858836174e+09
1.203704300000000000e+07,4.255623068758455276e+09
9.486384000000000000e+06,5.357512024277490616e+09
7.569129000000000000e+06,6.744708031355737686e+09
6.077185000000000000e+06,8.491084335805940628e+09
4.884527000000000000e+06,1.068964184403348923e+10
3.923543000000000000e+06,1.345746176043201065e+10
3.148439000000000000e+06,1.694194058845611191e+10
2.515719000000000000e+06,2.132863953191440582e+10
2.003488000000000000e+06,2.685116630572467804e+10
1.590073000000000000e+06,3.380361559858808136e+10
1.259158000000000000e+06,4.255623068758419800e+10
9.922770000000000000e+05,5.357512024277446747e+10
7.805930000000000000e+05,6.744708031355681610e+10
6.106140000000000000e+05,8.491084335805871582e+10
4.748270000000000000e+05,1.068964184403340149e+11
3.665120000000000000e+05,1.345746176043190002e+11
2.813090000000000000e+05,1.694194058845597534e+11
2.137250000000000000e+05,2.132863953191423340e+11
1.619740000000000000e+05,2.685116630572445679e+11
1.214210000000000000e+05,3.380361559858780518e+11
9.015700000000000000e+04,4.255623068758385010e+11
6.604500000000000000e+04,5.357512024277402954e+11
4.789100000000000000e+04,6.744708031355626221e+11
3.392900000000000000e+04,8.491084335805802002e+11
2.363300000000000000e+04,1.068964184403331299e+12
1.599800000000000000e+04,1.345746176043178955e+12
1.065000000000000000e+04,1.694194058845583496e+12
6.938000000000000000e+03,2.132863953191405762e+12
4.484000000000000000e+03,2.685116630572423828e+12
2.851000000000000000e+03,3.380361559858752930e+12
1.767000000000000000e+03,4.255623068758350586e+12
1.058000000000000000e+03,5.357512024277359375e+12
6.170000000000000000e+02,6.744708031355571289e+12
3.610000000000000000e+02,8.491084335805732422e+12
2.210000000000000000e+02,1.068964184403322656e+13
1.240000000000000000e+02,1.345746176043167969e+13
7.200000000000000000e+01,1.694194058845569531e+13
3.000000000000000000e+01,2.132863953191388281e+13
1.400000000000000000e+01,2.685116630572401953e+13
6.000000000000000000e+00,3.380361559858725000e+13
2.000000000000000000e+00,4.255623068758315625e+13
1.000000000000000000e+00,5.357512024277315625e+13
