n_sub,mass
3.101096500000000000e+07,2.033032870614751279e+08
2.580566100000000000e+07,2.559436743829751611e+08
2.144322700000000000e+07,3.222139956686989665e+08
1.700357900000000000e+07,4.056433871830605268e+08
1.292760000000000000e+07,5.106747682510148883e+08
9.761961000000000000e+06,6.429014429132993221e+08
7.501452000000000000e+06,8.093649637626888752e+08
5.911406000000000000e+06,1.018930120296713591e+09
4.740082000000000000e+06,1.282757021284019470e+09
3.832764000000000000e+06,1.614895411251842022e+09
3.102891000000000000e+06,2.033032870614734650e+09
2.513813000000000000e+06,2.559436743829730988e+09
2.033060000000000000e+06,3.222139956686963558e+09
1.642593000000000000e+06,4.056433871830572128e+09
1.324287000000000000e+06,5.106747682510107040e+09
1.065844000000000000e+06,6.429014429132940292e+09
8.561620000000000000e+05,8.093649637626823425e+09
6.881470000000000000e+05,1.018930120296705246e+10
5.512390000000000000e+05,1.282757021284008980e+10
4.404930000000000000e+05,1.614895411251828957e+10
3.512400000000000000e+05,2.033032870614717865e+10
2.789720000000000000e+05,2.559436743829709625e+10
2.209240000000000000e+05,3.222139956686936951e+10
1.743800000000000000e+05,4.056433871830538940e+10
1.368860000000000000e+05,5.106747682510065460e+10
1.070880000000000000e+05,6.429014429132888794e+10
8.322800000000000000e+04,8.093649637626757812e+10
6.417000000000000000e+04,1.018930120296696930e+11
4.923500000000000000e+04,1.282757021283998413e+11
3.740600000000000000e+04,1.614895411251815796e+11
2.829400000000000000e+04,2.033032870614701538e+11
2.118600000000000000e+04,2.559436743829688721e+11
1.573900000000000000e+04,3.222139956686911011e+11
1.159700000000000000e+04,4.056433871830505981e+11
8.458000000000000000e+03,5.106747682510023193e+11
6.129000000000000000e+03,6.429014429132834473e+11
4.343000000000000000e+03,8.093649637626690674e+11
3.024000000000000000e+03,1.018930120296688477e+12
2.063000000000000000e+03,1.282757021283987793e+12
1.406000000000000000e+03,1.614895411251802490e+12
9.530000000000000000e+02,2.033032870614684570e+12
6.230000000000000000e+02,2.559436743829667969e+12
3.700000000000000000e+02,3.222139956686884766e+12
2.420000000000000000e+02,4.056433871830473145e+12
1.590000000000000000e+02,5.106747682509982422e+12
8.400000000000000000e+01,6.429014429132783203e+12
4.900000000000000000e+01,8.093649637626625000e+12
2.400000000000000000e+01,1.018930120296680273e+13
1.200000000000000000e+01,1.282757021283977344e+13
7.000000000000000000e+00,1.614895411251789453e+13
4.000000000000000000e+00,2.033032870614668359e+13
