n_sub,mass
2.288330900000000000e+07,2.033032870614751279e+08
1.870106800000000000e+07,2.559436743829751611e+08
1.527385800000000000e+07,3.222139956686989665e+08
1.244974100000000000e+07,4.056433871830605268e+08
1.013744300000000000e+07,5.106747682510148883e+08
8.229088000000000000e+06,6.429014429132993221e+08
6.657839000000000000e+06,8.093649637626888752e+08
5.382682000000000000e+06,1.018930120296713591e+09
4.348767000000000000e+06,1.282757021284019470e+09
3.514400000000000000e+06,1.614895411251842022e+09
2.839774000000000000e+06,2.033032870614734650e+09
2.296133000000000000e+06,2.559436743829730988e+09
1.859253000000000000e+06,3.222139956686963558e+09
1.507140000000000000e+06,4.056433871830572128e+09
1.222997000000000000e+06,5.106747682510107040e+09
9.934850000000000000e+05,6.429014429132940292e+09
8.074110000000000000e+05,8.093649637626823425e+09
6.569250000000000000e+05,1.018930120296705246e+10
5.340120000000000000e+05,1.282757021284008980e+10
4.330350000000000000e+05,1.614895411251828957e+10
3.523210000000000000e+05,2.033032870614717865e+10
2.865130000000000000e+05,2.559436743829709625e+10
2.338520000000000000e+05,3.222139956686936951e+10
1.912900000000000000e+05,4.056433871830538940e+10
1.566420000000000000e+05,5.106747682510065460e+10
1.281940000000000000e+05,6.429014429132888794e+10
1.059550000000000000e+05,8.093649637626757812e+10
8.775000000000000000e+04,1.018930120296696930e+11
7.286000000000000000e+04,1.282757021283998413e+11
6.048000000000000000e+04,1.614895411251815796e+11
5.007600000000000000e+04,2.033032870614701538e+11
4.141800000000000000e+04,2.559436743829688721e+11
3.443800000000000000e+04,3.222139956686911011e+11
2.837500000000000000e+04,4.056433871830505981e+11
2.305000000000000000e+04,5.106747682510023193e+11
1.868000000000000000e+04,6.429014429132834473e+11
1.505500000000000000e+04,8.093649637626690674e+11
1.201700000000000000e+04,1.018930120296688477e+12
9.617000000000000000e+03,1.282757021283987793e+12
7.599000000000000000e+03,1.614895411251802490e+12
5.993000000000000000e+03,2.033032870614684570e+12
4.719000000000000000e+03,2.559436743829667969e+12
3.735000000000000000e+03,3.222139956686884766e+12
2.938000000000000000e+03,4.056433871830473145e+12
2.334000000000000000e+03,5.106747682509982422e+12
1.894000000000000000e+03,6.429014429132783203e+12
1.497000000000000000e+03,8.093649637626625000e+12
1.146000000000000000e+03,1.018930120296680273e+13
9.180000000000000000e+02,1.282757021283977344e+13
7.240000000000000000e+02,1.614895411251789453e+13
5.680000000000000000e+02,2.033032870614668359e+13
4.330000000000000000e+02,2.559436743829646875e+13
3.500000000000000000e+02,3.222139956686857812e+13
2.650000000000000000e+02,4.056433871830439062e+13
2.030000000000000000e+02,5.106747682509940625e+13
1.450000000000000000e+02,6.429014429132729688e+13
1.090000000000000000e+02,8.093649637626559375e+13
8.500000000000000000e+01,1.018930120296671875e+14
5.800000000000000000e+01,1.282757021283967031e+14
4.100000000000000000e+01,1.614895411251776250e+14
3.000000000000000000e+01,2.033032870614651562e+14
1.700000000000000000e+01,2.559436743829625938e+14
1.100000000000000000e+01,3.222139956686831250e+14
8.000000000000000000e+00,4.056433871830406250e+14
4.000000000000000000e+00,5.106747682509898125e+14
2.000000000000000000e+00,6.429014429132677500e+14
0.000000000000000000e+00,8.093649637626492500e+14
0.000000000000000000e+00,1.018930120296663625e+15
