n_sub,mass
1.349886500000000000e+07,2.033032870614751279e+08
1.058400700000000000e+07,2.559436743829751611e+08
8.179982000000000000e+06,3.222139956686989665e+08
6.172614000000000000e+06,4.056433871830605268e+08
4.520173000000000000e+06,5.106747682510148883e+08
3.204004000000000000e+06,6.429014429132993221e+08
2.223597000000000000e+06,8.093649637626888752e+08
1.546238000000000000e+06,1.018930120296713591e+09
1.088561000000000000e+06,1.282757021284019470e+09
7.769090000000000000e+05,1.614895411251842022e+09
5.588890000000000000e+05,2.033032870614734650e+09
4.044950000000000000e+05,2.559436743829730988e+09
2.923370000000000000e+05,3.222139956686963558e+09
2.100490000000000000e+05,4.056433871830572128e+09
1.501310000000000000e+05,5.106747682510107040e+09
1.063670000000000000e+05,6.429014429132940292e+09
7.471500000000000000e+04,8.093649637626823425e+09
5.183600000000000000e+04,1.018930120296705246e+10
3.538600000000000000e+04,1.282757021284008980e+10
2.383900000000000000e+04,1.614895411251828957e+10
1.577300000000000000e+04,2.033032870614717865e+10
1.038100000000000000e+04,2.559436743829709625e+10
6.617000000000000000e+03,3.222139956686936951e+10
4.211000000000000000e+03,4.056433871830538940e+10
2.594000000000000000e+03,5.106747682510065460e+10
1.565000000000000000e+03,6.429014429132888794e+10
9.090000000000000000e+02,8.093649637626757812e+10
5.160000000000000000e+02,1.018930120296696930e+11
3.090000000000000000e+02,1.282757021283998413e+11
1.750000000000000000e+02,1.614895411251815796e+11
9.400000000000000000e+01,2.033032870614701538e+11
3.600000000000000000e+01,2.559436743829688721e+11
1.600000000000000000e+01,3.222139956686911011e+11
9.000000000000000000e+00,4.056433871830505981e+11
2.000000000000000000e+00,5.106747682510023193e+11
0.000000000000000000e+00,6.429014429132834473e+11
0.000000000000000000e+00,8.093649637626690674e+11
0.000000000000000000e+00,1.018930120296688477e+12
0.000000000000000000e+00,1.282757021283987793e+12
