n_sub,mass
7.536384000000000000e+06,1.694194058845625162e+09
5.513812000000000000e+06,2.132863953191458464e+09
3.936288000000000000e+06,2.685116630572489738e+09
2.740958000000000000e+06,3.380361559858836174e+09
1.863386000000000000e+06,4.255623068758455276e+09
1.256371000000000000e+06,5.357512024277490616e+09
8.468250000000000000e+05,6.744708031355737686e+09
5.742380000000000000e+05,8.491084335805940628e+09
3.883990000000000000e+05,1.068964184403348923e+10
2.617030000000000000e+05,1.345746176043201065e+10
1.761890000000000000e+05,1.694194058845611191e+10
1.171120000000000000e+05,2.132863953191440582e+10
7.668600000000000000e+04,2.685116630572467804e+10
4.965400000000000000e+04,3.380361559858808136e+10
3.150700000000000000e+04,4.255623068758419800e+10
1.950000000000000000e+04,5.357512024277446747e+10
1.195500000000000000e+04,6.744708031355681610e+10
7.087000000000000000e+03,8.491084335805871582e+10
4.078000000000000000e+03,1.068964184403340149e+11
2.288000000000000000e+03,1.345746176043190002e+11
1.280000000000000000e+03,1.694194058845597534e+11
6.610000000000000000e+02,2.132863953191423340e+11
3.310000000000000000e+02,2.685116630572445679e+11
1.690000000000000000e+02,3.380361559858780518e+11
8.300000000000000000e+01,4.255623068758385010e+11
3.100000000000000000e+01,5.357512024277402954e+11
1.100000000000000000e+01,6.744708031355626221e+11
5.000000000000000000e+00,8.491084335805802002e+11
