n_sub,mass
1.641564100000000000e+07,2.597764223563292250e+07
1.319562500000000000e+07,3.270391394893570244e+07
1.057758800000000000e+07,4.117178833544485271e+07
8.426900000000000000e+06,5.183221058450216055e+07
6.676466000000000000e+06,6.525288705429631472e+07
5.243064000000000000e+06,8.214851770558820665e+07
4.024611000000000000e+06,1.034188564807879925e+08
2.975305000000000000e+06,1.301966264823578000e+08
2.115483000000000000e+06,1.639078416085135341e+08
1.484699000000000000e+06,2.063477469932908416e+08
1.048548000000000000e+06,2.597764223563270867e+08
7.566710000000000000e+05,3.270391394893543124e+08
5.564350000000000000e+05,4.117178833544450998e+08
4.161030000000000000e+05,5.183221058450173140e+08
3.125220000000000000e+05,6.525288705429577827e+08
2.351320000000000000e+05,8.214851770558753014e+08
1.763570000000000000e+05,1.034188564807871342e+09
1.315740000000000000e+05,1.301966264823567390e+09
9.776000000000000000e+04,1.639078416085121870e+09
7.209800000000000000e+04,2.063477469932891607e+09
5.284000000000000000e+04,2.597764223563249588e+09
3.835200000000000000e+04,3.270391394893516541e+09
2.761900000000000000e+04,4.117178833544418335e+09
1.968600000000000000e+04,5.183221058450130463e+09
1.386200000000000000e+04,6.525288705429525375e+09
9.648000000000000000e+03,8.214851770558686256e+09
6.670000000000000000e+03,1.034188564807862854e+10
4.551000000000000000e+03,1.301966264823556519e+10
3.032000000000000000e+03,1.639078416085108566e+10
2.000000000000000000e+03,2.063477469932875061e+10
1.272000000000000000e+03,2.597764223563228607e+10
8.130000000000000000e+02,3.270391394893489838e+10
5.060000000000000000e+02,4.117178833544384003e+10
3.250000000000000000e+02,5.183221058450088501e+10
2.080000000000000000e+02,6.525288705429470825e+10
1.160000000000000000e+02,8.214851770558618164e+10
7.200000000000000000e+01,1.034188564807854462e+11
4.300000000000000000e+01,1.301966264823545837e+11
2.700000000000000000e+01,1.639078416085094910e+11
1.800000000000000000e+01,2.063477469932857666e+11
1.300000000000000000e+01,2.597764223563207397e+11
7.000000000000000000e+00,3.270391394893463135e+11
5.000000000000000000e+00,4.117178833544350586e+11
3.000000000000000000e+00,5.183221058450046387e+11
