n_sub,mass
2.066605000000000000e+06,2.597764223563292250e+07
1.661772000000000000e+06,3.270391394893570244e+07
1.332131000000000000e+06,4.117178833544485271e+07
1.060837000000000000e+06,5.183221058450216055e+07
8.411450000000000000e+05,6.525288705429631472e+07
6.607320000000000000e+05,8.214851770558820665e+07
5.065690000000000000e+05,1.034188564807879925e+08
3.742850000000000000e+05,1.301966264823578000e+08
2.659180000000000000e+05,1.639078416085135341e+08
1.860960000000000000e+05,2.063477469932908416e+08
1.314390000000000000e+05,2.597764223563270867e+08
9.467900000000000000e+04,3.270391394893543124e+08
6.970400000000000000e+04,4.117178833544450998e+08
5.205900000000000000e+04,5.183221058450173140e+08
3.916500000000000000e+04,6.525288705429577827e+08
2.947300000000000000e+04,8.214851770558753014e+08
2.202500000000000000e+04,1.034188564807871342e+09
1.629800000000000000e+04,1.301966264823567390e+09
1.202300000000000000e+04,1.639078416085121870e+09
8.764000000000000000e+03,2.063477469932891607e+09
6.381000000000000000e+03,2.597764223563249588e+09
4.562000000000000000e+03,3.270391394893516541e+09
3.316000000000000000e+03,4.117178833544418335e+09
2.379000000000000000e+03,5.183221058450130463e+09
1.670000000000000000e+03,6.525288705429525375e+09
1.157000000000000000e+03,8.214851770558686256e+09
7.800000000000000000e+02,1.034188564807862854e+10
5.220000000000000000e+02,1.301966264823556519e+10
3.310000000000000000e+02,1.639078416085108566e+10
2.200000000000000000e+02,2.063477469932875061e+10
1.320000000000000000e+02,2.597764223563228607e+10
8.600000000000000000e+01,3.270391394893489838e+10
5.600000000000000000e+01,4.117178833544384003e+10
2.400000000000000000e+01,5.183221058450088501e+10
8.000000000000000000e+00,6.525288705429470825e+10
3.000000000000000000e+00,8.214851770558618164e+10
