n_sub,mass
3.054580000000000000e+05,2.597764223563292250e+07
2.493300000000000000e+05,3.270391394893570244e+07
2.038050000000000000e+05,4.117178833544485271e+07
1.658120000000000000e+05,5.183221058450216055e+07
1.349890000000000000e+05,6.525288705429631472e+07
1.097250000000000000e+05,8.214851770558820665e+07
8.894600000000000000e+04,1.034188564807879925e+08
7.223500000000000000e+04,1.301966264823578000e+08
5.863600000000000000e+04,1.639078416085135341e+08
4.733400000000000000e+04,2.063477469932908416e+08
3.821600000000000000e+04,2.597764223563270867e+08
3.082300000000000000e+04,3.270391394893543124e+08
2.491100000000000000e+04,4.117178833544450998e+08
2.013900000000000000e+04,5.183221058450173140e+08
1.629500000000000000e+04,6.525288705429577827e+08
1.309800000000000000e+04,8.214851770558753014e+08
1.054500000000000000e+04,1.034188564807871342e+09
8.550000000000000000e+03,1.301966264823567390e+09
6.952000000000000000e+03,1.639078416085121870e+09
5.574000000000000000e+03,2.063477469932891607e+09
4.457000000000000000e+03,2.597764223563249588e+09
3.607000000000000000e+03,3.270391394893516541e+09
2.929000000000000000e+03,4.117178833544418335e+09
2.393000000000000000e+03,5.183221058450130463e+09
1.930000000000000000e+03,6.525288705429525375e+09
1.577000000000000000e+03,8.214851770558686256e+09
1.288000000000000000e+03,1.034188564807862854e+10
1.063000000000000000e+03,1.301966264823556519e+10
8.840000000000000000e+02,1.639078416085108566e+10
7.250000000000000000e+02,2.063477469932875061e+10
6.030000000000000000e+02,2.597764223563228607e+10
5.130000000000000000e+02,3.270391394893489838e+10
4.160000000000000000e+02,4.117178833544384003e+10
3.520000000000000000e+02,5.183221058450088501e+10
2.860000000000000000e+02,6.525288705429470825e+10
2.350000000000000000e+02,8.214851770558618164e+10
1.860000000000000000e+02,1.034188564807854462e+11
1.520000000000000000e+02,1.301966264823545837e+11
1.230000000000000000e+02,1.639078416085094910e+11
1.050000000000000000e+02,2.063477469932857666e+11
9.300000000000000000e+01,2.597764223563207397e+11
7.700000000000000000e+01,3.270391394893463135e+11
6.100000000000000000e+01,4.117178833544350586e+11
5.000000000000000000e+01,5.183221058450046387e+11
3.800000000000000000e+01,6.525288705429418945e+11
3.000000000000000000e+01,8.214851770558552246e+11
2.500000000000000000e+01,1.034188564807845947e+12
1.800000000000000000e+01,1.301966264823535156e+12
1.600000000000000000e+01,1.639078416085081543e+12
1.200000000000000000e+01,2.063477469932840820e+12
1.100000000000000000e+01,2.597764223563185547e+12
8.000000000000000000e+00,3.270391394893436523e+12
7.000000000000000000e+00,4.117178833544316406e+12
5.000000000000000000e+00,5.183221058450003906e+12
5.000000000000000000e+00,6.525288705429365234e+12
5.000000000000000000e+00,8.214851770558484375e+12
3.000000000000000000e+00,1.034188564807837500e+13
2.000000000000000000e+00,1.301966264823524609e+13
2.000000000000000000e+00,1.639078416085068164e+13
2.000000000000000000e+00,2.063477469932824219e+13
