n_sub,mass
1.368120000000000000e+05,2.033032870614751279e+08
1.204130000000000000e+05,2.559436743829751611e+08
1.060320000000000000e+05,3.222139956686989665e+08
9.303500000000000000e+04,4.056433871830605268e+08
8.114200000000000000e+04,5.106747682510148883e+08
7.054300000000000000e+04,6.429014429132993221e+08
6.084000000000000000e+04,8.093649637626888752e+08
5.197700000000000000e+04,1.018930120296713591e+09
4.409000000000000000e+04,1.282757021284019470e+09
3.729300000000000000e+04,1.614895411251842022e+09
3.128000000000000000e+04,2.033032870614734650e+09
2.605100000000000000e+04,2.559436743829730988e+09
2.158700000000000000e+04,3.222139956686963558e+09
1.786500000000000000e+04,4.056433871830572128e+09
1.475600000000000000e+04,5.106747682510107040e+09
1.201900000000000000e+04,6.429014429132940292e+09
9.745000000000000000e+03,8.093649637626823425e+09
7.876000000000000000e+03,1.018930120296705246e+10
6.254000000000000000e+03,1.282757021284008980e+10
4.761000000000000000e+03,1.614895411251828957e+10
3.572000000000000000e+03,2.033032870614717865e+10
2.455000000000000000e+03,2.559436743829709625e+10
1.667000000000000000e+03,3.222139956686936951e+10
1.091000000000000000e+03,4.056433871830538940e+10
6.780000000000000000e+02,5.106747682510065460e+10
3.880000000000000000e+02,6.429014429132888794e+10
2.120000000000000000e+02,8.093649637626757812e+10
1.160000000000000000e+02,1.018930120296696930e+11
4.600000000000000000e+01,1.282757021283998413e+11
2.400000000000000000e+01,1.614895411251815796e+11
5.000000000000000000e+00,2.033032870614701538e+11
1.000000000000000000e+00,2.559436743829688721e+11
