n_sub,mass
1.102000000000000000e+03,2.597764223563292250e+07
1.008000000000000000e+03,3.270391394893570244e+07
9.360000000000000000e+02,4.117178833544485271e+07
8.630000000000000000e+02,5.183221058450216055e+07
8.150000000000000000e+02,6.525288705429631472e+07
7.630000000000000000e+02,8.214851770558820665e+07
6.980000000000000000e+02,1.034188564807879925e+08
6.420000000000000000e+02,1.301966264823578000e+08
6.020000000000000000e+02,1.639078416085135341e+08
5.580000000000000000e+02,2.063477469932908416e+08
5.130000000000000000e+02,2.597764223563270867e+08
4.720000000000000000e+02,3.270391394893543124e+08
4.320000000000000000e+02,4.117178833544450998e+08
3.970000000000000000e+02,5.183221058450173140e+08
3.550000000000000000e+02,6.525288705429577827e+08
3.100000000000000000e+02,8.214851770558753014e+08
2.810000000000000000e+02,1.034188564807871342e+09
2.480000000000000000e+02,1.301966264823567390e+09
2.130000000000000000e+02,1.639078416085121870e+09
1.930000000000000000e+02,2.063477469932891607e+09
1.680000000000000000e+02,2.597764223563249588e+09
1.500000000000000000e+02,3.270391394893516541e+09
1.280000000000000000e+02,4.117178833544418335e+09
1.190000000000000000e+02,5.183221058450130463e+09
1.100000000000000000e+02,6.525288705429525375e+09
9.800000000000000000e+01,8.214851770558686256e+09
8.300000000000000000e+01,1.034188564807862854e+10
7.500000000000000000e+01,1.301966264823556519e+10
5.900000000000000000e+01,1.639078416085108566e+10
4.400000000000000000e+01,2.063477469932875061e+10
3.300000000000000000e+01,2.597764223563228607e+10
2.500000000000000000e+01,3.270391394893489838e+10
2.000000000000000000e+01,4.117178833544384003e+10
1.700000000000000000e+01,5.183221058450088501e+10
1.400000000000000000e+01,6.525288705429470825e+10
1.100000000000000000e+01,8.214851770558618164e+10
9.000000000000000000e+00,1.034188564807854462e+11
7.000000000000000000e+00,1.301966264823545837e+11
6.000000000000000000e+00,1.639078416085094910e+11
0.000000000000000000e+00,2.063477469932857666e+11
