n_sub,mass
3.844000000000000000e+03,2.597764223563292250e+07
3.064000000000000000e+03,3.270391394893570244e+07
2.440000000000000000e+03,4.117178833544485271e+07
1.941000000000000000e+03,5.183221058450216055e+07
1.535000000000000000e+03,6.525288705429631472e+07
1.232000000000000000e+03,8.214851770558820665e+07
9.570000000000000000e+02,1.034188564807879925e+08
7.630000000000000000e+02,1.301966264823578000e+08
6.060000000000000000e+02,1.639078416085135341e+08
4.670000000000000000e+02,2.063477469932908416e+08
3.650000000000000000e+02,2.597764223563270867e+08
2.920000000000000000e+02,3.270391394893543124e+08
2.240000000000000000e+02,4.117178833544450998e+08
1.650000000000000000e+02,5.183221058450173140e+08
1.190000000000000000e+02,6.525288705429577827e+08
8.400000000000000000e+01,8.214851770558753014e+08
6.400000000000000000e+01,1.034188564807871342e+09
4.700000000000000000e+01,1.301966264823567390e+09
3.900000000000000000e+01,1.639078416085121870e+09
3.300000000000000000e+01,2.063477469932891607e+09
2.700000000000000000e+01,2.597764223563249588e+09
2.200000000000000000e+01,3.270391394893516541e+09
1.800000000000000000e+01,4.117178833544418335e+09
1.300000000000000000e+01,5.183221058450130463e+09
9.000000000000000000e+00,6.525288705429525375e+09
6.000000000000000000e+00,8.214851770558686256e+09
4.000000000000000000e+00,1.034188564807862854e+10
2.000000000000000000e+00,1.301966264823556519e+10
0.000000000000000000e+00,1.639078416085108566e+10
0.000000000000000000e+00,2.063477469932875061e+10
