n_sub,mass
4.000000000000000000e+01,2.597764223563292250e+07
3.200000000000000000e+01,3.270391394893570244e+07
2.100000000000000000e+01,4.117178833544485271e+07
1.600000000000000000e+01,5.183221058450216055e+07
1.200000000000000000e+01,6.525288705429631472e+07
1.200000000000000000e+01,8.214851770558820665e+07
8.000000000000000000e+00,1.034188564807879925e+08
6.000000000000000000e+00,1.301966264823578000e+08
4.000000000000000000e+00,1.639078416085135341e+08
4.000000000000000000e+00,2.063477469932908416e+08
2.000000000000000000e+00,2.597764223563270867e+08
