n_sub,mass
7.085440000000000000e+05,1.694194058845625162e+09
6.485770000000000000e+05,2.132863953191458464e+09
5.912260000000000000e+05,2.685116630572489738e+09
5.356130000000000000e+05,3.380361559858836174e+09
4.812990000000000000e+05,4.255623068758455276e+09
4.289650000000000000e+05,5.357512024277490616e+09
3.787410000000000000e+05,6.744708031355737686e+09
3.320720000000000000e+05,8.491084335805940628e+09
2.879960000000000000e+05,1.068964184403348923e+10
2.482680000000000000e+05,1.345746176043201065e+10
2.124260000000000000e+05,1.694194058845611191e+10
1.789150000000000000e+05,2.132863953191440582e+10
1.462250000000000000e+05,2.685116630572467804e+10
1.128650000000000000e+05,3.380361559858808136e+10
8.074900000000000000e+04,4.255623068758419800e+10
5.299600000000000000e+04,5.357512024277446747e+10
3.214300000000000000e+04,6.744708031355681610e+10
1.819800000000000000e+04,8.491084335805871582e+10
9.730000000000000000e+03,1.068964184403340149e+11
5.045000000000000000e+03,1.345746176043190002e+11
2.592000000000000000e+03,1.694194058845597534e+11
1.257000000000000000e+03,2.132863953191423340e+11
5.930000000000000000e+02,2.685116630572445679e+11
2.610000000000000000e+02,3.380361559858780518e+11
8.500000000000000000e+01,4.255623068758385010e+11
2.200000000000000000e+01,5.357512024277402954e+11
3.000000000000000000e+00,6.744708031355626221e+11
