n_sub,mass
4.350000000000000000e+02,2.597764223563292250e+07
3.400000000000000000e+02,3.270391394893570244e+07
2.690000000000000000e+02,4.117178833544485271e+07
2.170000000000000000e+02,5.183221058450216055e+07
1.730000000000000000e+02,6.525288705429631472e+07
1.300000000000000000e+02,8.214851770558820665e+07
9.300000000000000000e+01,1.034188564807879925e+08
7.600000000000000000e+01,1.301966264823578000e+08
5.700000000000000000e+01,1.639078416085135341e+08
4.200000000000000000e+01,2.063477469932908416e+08
3.000000000000000000e+01,2.597764223563270867e+08
2.100000000000000000e+01,3.270391394893543124e+08
1.700000000000000000e+01,4.117178833544450998e+08
1.300000000000000000e+01,5.183221058450173140e+08
7.000000000000000000e+00,6.525288705429577827e+08
5.000000000000000000e+00,8.214851770558753014e+08
1.000000000000000000e+00,1.034188564807871342e+09
1.000000000000000000e+00,1.301966264823567390e+09
1.000000000000000000e+00,1.639078416085121870e+09
1.000000000000000000e+00,2.063477469932891607e+09
0.000000000000000000e+00,2.597764223563249588e+09
