n_sub,mass
1.387000000000000000e+03,2.597764223563292250e+07
1.256000000000000000e+03,3.270391394893570244e+07
1.143000000000000000e+03,4.117178833544485271e+07
1.038000000000000000e+03,5.183221058450216055e+07
9.480000000000000000e+02,6.525288705429631472e+07
8.800000000000000000e+02,8.214851770558820665e+07
8.060000000000000000e+02,1.034188564807879925e+08
7.430000000000000000e+02,1.301966264823578000e+08
6.730000000000000000e+02,1.639078416085135341e+08
6.050000000000000000e+02,2.063477469932908416e+08
5.530000000000000000e+02,2.597764223563270867e+08
4.850000000000000000e+02,3.270391394893543124e+08
4.320000000000000000e+02,4.117178833544450998e+08
3.860000000000000000e+02,5.183221058450173140e+08
3.380000000000000000e+02,6.525288705429577827e+08
2.900000000000000000e+02,8.214851770558753014e+08
2.470000000000000000e+02,1.034188564807871342e+09
2.170000000000000000e+02,1.301966264823567390e+09
1.880000000000000000e+02,1.639078416085121870e+09
1.630000000000000000e+02,2.063477469932891607e+09
1.350000000000000000e+02,2.597764223563249588e+09
1.140000000000000000e+02,3.270391394893516541e+09
9.700000000000000000e+01,4.117178833544418335e+09
7.800000000000000000e+01,5.183221058450130463e+09
6.400000000000000000e+01,6.525288705429525375e+09
5.600000000000000000e+01,8.214851770558686256e+09
4.500000000000000000e+01,1.034188564807862854e+10
3.800000000000000000e+01,1.301966264823556519e+10
3.500000000000000000e+01,1.639078416085108566e+10
3.200000000000000000e+01,2.063477469932875061e+10
3.000000000000000000e+01,2.597764223563228607e+10
2.600000000000000000e+01,3.270391394893489838e+10
2.000000000000000000e+01,4.117178833544384003e+10
1.400000000000000000e+01,5.183221058450088501e+10
9.000000000000000000e+00,6.525288705429470825e+10
6.000000000000000000e+00,8.214851770558618164e+10
2.000000000000000000e+00,1.034188564807854462e+11
0.000000000000000000e+00,1.301966264823545837e+11
