n_sub,mass
2.328250000000000000e+05,2.033032870614751279e+08
2.145160000000000000e+05,2.559436743829751611e+08
1.979510000000000000e+05,3.222139956686989665e+08
1.829700000000000000e+05,4.056433871830605268e+08
1.693620000000000000e+05,5.106747682510148883e+08
1.569090000000000000e+05,6.429014429132993221e+08
1.450950000000000000e+05,8.093649637626888752e+08
1.344280000000000000e+05,1.018930120296713591e+09
1.243100000000000000e+05,1.282757021284019470e+09
1.144760000000000000e+05,1.614895411251842022e+09
1.050280000000000000e+05,2.033032870614734650e+09
9.609400000000000000e+04,2.559436743829730988e+09
8.757200000000000000e+04,3.222139956686963558e+09
7.951200000000000000e+04,4.056433871830572128e+09
7.163100000000000000e+04,5.106747682510107040e+09
6.406000000000000000e+04,6.429014429132940292e+09
5.672200000000000000e+04,8.093649637626823425e+09
4.972000000000000000e+04,1.018930120296705246e+10
4.261100000000000000e+04,1.282757021284008980e+10
3.576300000000000000e+04,1.614895411251828957e+10
2.910500000000000000e+04,2.033032870614717865e+10
2.312500000000000000e+04,2.559436743829709625e+10
1.773900000000000000e+04,3.222139956686936951e+10
1.322800000000000000e+04,4.056433871830538940e+10
9.636000000000000000e+03,5.106747682510065460e+10
6.693000000000000000e+03,6.429014429132888794e+10
4.577000000000000000e+03,8.093649637626757812e+10
3.125000000000000000e+03,1.018930120296696930e+11
2.097000000000000000e+03,1.282757021283998413e+11
1.334000000000000000e+03,1.614895411251815796e+11
8.340000000000000000e+02,2.033032870614701538e+11
4.950000000000000000e+02,2.559436743829688721e+11
2.860000000000000000e+02,3.222139956686911011e+11
1.490000000000000000e+02,4.056433871830505981e+11
6.500000000000000000e+01,5.106747682510023193e+11
2.700000000000000000e+01,6.429014429132834473e+11
6.000000000000000000e+00,8.093649637626690674e+11
1.000000000000000000e+00,1.018930120296688477e+12
