n_sub,mass
2.360850000000000000e+05,2.033032870614751279e+08
2.144890000000000000e+05,2.559436743829751611e+08
1.960680000000000000e+05,3.222139956686989665e+08
1.797220000000000000e+05,4.056433871830605268e+08
1.651060000000000000e+05,5.106747682510148883e+08
1.517800000000000000e+05,6.429014429132993221e+08
1.392420000000000000e+05,8.093649637626888752e+08
1.274550000000000000e+05,1.018930120296713591e+09
1.160330000000000000e+05,1.282757021284019470e+09
1.049570000000000000e+05,1.614895411251842022e+09
9.442200000000000000e+04,2.033032870614734650e+09
8.442500000000000000e+04,2.559436743829730988e+09
7.488800000000000000e+04,3.222139956686963558e+09
6.615000000000000000e+04,4.056433871830572128e+09
5.787400000000000000e+04,5.106747682510107040e+09
5.017200000000000000e+04,6.429014429132940292e+09
4.303200000000000000e+04,8.093649637626823425e+09
3.650900000000000000e+04,1.018930120296705246e+10
3.064100000000000000e+04,1.282757021284008980e+10
2.541300000000000000e+04,1.614895411251828957e+10
2.079000000000000000e+04,2.033032870614717865e+10
1.631800000000000000e+04,2.559436743829709625e+10
1.234900000000000000e+04,3.222139956686936951e+10
8.912000000000000000e+03,4.056433871830538940e+10
6.086000000000000000e+03,5.106747682510065460e+10
3.930000000000000000e+03,6.429014429132888794e+10
2.396000000000000000e+03,8.093649637626757812e+10
1.435000000000000000e+03,1.018930120296696930e+11
8.110000000000000000e+02,1.282757021283998413e+11
4.630000000000000000e+02,1.614895411251815796e+11
2.450000000000000000e+02,2.033032870614701538e+11
1.280000000000000000e+02,2.559436743829688721e+11
5.000000000000000000e+01,3.222139956686911011e+11
1.500000000000000000e+01,4.056433871830505981e+11
