n_sub,mass
1.225000000000000000e+03,1.694194058845625162e+09
9.330000000000000000e+02,2.132863953191458464e+09
7.050000000000000000e+02,2.685116630572489738e+09
5.420000000000000000e+02,3.380361559858836174e+09
4.040000000000000000e+02,4.255623068758455276e+09
2.740000000000000000e+02,5.357512024277490616e+09
1.800000000000000000e+02,6.744708031355737686e+09
1.320000000000000000e+02,8.491084335805940628e+09
8.300000000000000000e+01,1.068964184403348923e+10
4.600000000000000000e+01,1.345746176043201065e+10
2.200000000000000000e+01,1.694194058845611191e+10
1.500000000000000000e+01,2.132863953191440582e+10
6.000000000000000000e+00,2.685116630572467804e+10
1.000000000000000000e+00,3.380361559858808136e+10
