n_sub,mass
9.591000000000000000e+03,2.597764223563292250e+07
8.362000000000000000e+03,3.270391394893570244e+07
7.346000000000000000e+03,4.117178833544485271e+07
6.436000000000000000e+03,5.183221058450216055e+07
5.599000000000000000e+03,6.525288705429631472e+07
4.916000000000000000e+03,8.214851770558820665e+07
4.279000000000000000e+03,1.034188564807879925e+08
3.724000000000000000e+03,1.301966264823578000e+08
3.203000000000000000e+03,1.639078416085135341e+08
2.737000000000000000e+03,2.063477469932908416e+08
2.320000000000000000e+03,2.597764223563270867e+08
1.996000000000000000e+03,3.270391394893543124e+08
1.681000000000000000e+03,4.117178833544450998e+08
1.410000000000000000e+03,5.183221058450173140e+08
1.171000000000000000e+03,6.525288705429577827e+08
9.570000000000000000e+02,8.214851770558753014e+08
7.940000000000000000e+02,1.034188564807871342e+09
6.420000000000000000e+02,1.301966264823567390e+09
4.960000000000000000e+02,1.639078416085121870e+09
4.060000000000000000e+02,2.063477469932891607e+09
3.280000000000000000e+02,2.597764223563249588e+09
2.510000000000000000e+02,3.270391394893516541e+09
1.930000000000000000e+02,4.117178833544418335e+09
1.550000000000000000e+02,5.183221058450130463e+09
1.280000000000000000e+02,6.525288705429525375e+09
1.030000000000000000e+02,8.214851770558686256e+09
8.000000000000000000e+01,1.034188564807862854e+10
5.900000000000000000e+01,1.301966264823556519e+10
4.400000000000000000e+01,1.639078416085108566e+10
3.000000000000000000e+01,2.063477469932875061e+10
2.300000000000000000e+01,2.597764223563228607e+10
1.400000000000000000e+01,3.270391394893489838e+10
1.300000000000000000e+01,4.117178833544384003e+10
7.000000000000000000e+00,5.183221058450088501e+10
3.000000000000000000e+00,6.525288705429470825e+10
2.000000000000000000e+00,8.214851770558618164e+10
2.000000000000000000e+00,1.034188564807854462e+11
