n_sub,mass
2.494540000000000000e+05,1.694194058845625162e+09
2.182800000000000000e+05,2.132863953191458464e+09
1.898430000000000000e+05,2.685116630572489738e+09
1.639500000000000000e+05,3.380361559858836174e+09
1.407900000000000000e+05,4.255623068758455276e+09
1.202220000000000000e+05,5.357512024277490616e+09
1.023710000000000000e+05,6.744708031355737686e+09
8.701000000000000000e+04,8.491084335805940628e+09
7.385400000000000000e+04,1.068964184403348923e+10
6.217500000000000000e+04,1.345746176043201065e+10
5.152200000000000000e+04,1.694194058845611191e+10
4.085100000000000000e+04,2.132863953191440582e+10
2.971400000000000000e+04,2.685116630572467804e+10
1.861800000000000000e+04,3.380361559858808136e+10
1.018600000000000000e+04,4.255623068758419800e+10
4.906000000000000000e+03,5.357512024277446747e+10
2.063000000000000000e+03,6.744708031355681610e+10
7.990000000000000000e+02,8.491084335805871582e+10
2.540000000000000000e+02,1.068964184403340149e+11
7.200000000000000000e+01,1.345746176043190002e+11
2.300000000000000000e+01,1.694194058845597534e+11
