n_sub,mass
8.595150000000000000e+05,1.694194058845625162e+09
7.957570000000000000e+05,2.132863953191458464e+09
7.335140000000000000e+05,2.685116630572489738e+09
6.722680000000000000e+05,3.380361559858836174e+09
6.121250000000000000e+05,4.255623068758455276e+09
5.533200000000000000e+05,5.357512024277490616e+09
4.955240000000000000e+05,6.744708031355737686e+09
4.393740000000000000e+05,8.491084335805940628e+09
3.847440000000000000e+05,1.068964184403348923e+10
3.331640000000000000e+05,1.345746176043201065e+10
2.847600000000000000e+05,1.694194058845611191e+10
2.384170000000000000e+05,2.132863953191440582e+10
1.946580000000000000e+05,2.685116630572467804e+10
1.533730000000000000e+05,3.380361559858808136e+10
1.158970000000000000e+05,4.255623068758419800e+10
8.338800000000000000e+04,5.357512024277446747e+10
5.744300000000000000e+04,6.744708031355681610e+10
3.830600000000000000e+04,8.491084335805871582e+10
2.534500000000000000e+04,1.068964184403340149e+11
1.637300000000000000e+04,1.345746176043190002e+11
1.058800000000000000e+04,1.694194058845597534e+11
6.762000000000000000e+03,2.132863953191423340e+11
4.104000000000000000e+03,2.685116630572445679e+11
2.304000000000000000e+03,3.380361559858780518e+11
1.155000000000000000e+03,4.255623068758385010e+11
5.090000000000000000e+02,5.357512024277402954e+11
1.990000000000000000e+02,6.744708031355626221e+11
6.300000000000000000e+01,8.491084335805802002e+11
1.500000000000000000e+01,1.068964184403331299e+12
