n_sub,mass
2.359000000000000000e+03,2.033032870614751279e+08
1.809000000000000000e+03,2.559436743829751611e+08
1.430000000000000000e+03,3.222139956686989665e+08
1.054000000000000000e+03,4.056433871830605268e+08
8.210000000000000000e+02,5.106747682510148883e+08
6.200000000000000000e+02,6.429014429132993221e+08
4.650000000000000000e+02,8.093649637626888752e+08
3.280000000000000000e+02,1.018930120296713591e+09
2.370000000000000000e+02,1.282757021284019470e+09
1.790000000000000000e+02,1.614895411251842022e+09
1.260000000000000000e+02,2.033032870614734650e+09
9.200000000000000000e+01,2.559436743829730988e+09
6.700000000000000000e+01,3.222139956686963558e+09
4.500000000000000000e+01,4.056433871830572128e+09
2.700000000000000000e+01,5.106747682510107040e+09
1.700000000000000000e+01,6.429014429132940292e+09
1.100000000000000000e+01,8.093649637626823425e+09
8.000000000000000000e+00,1.018930120296705246e+10
4.000000000000000000e+00,1.282757021284008980e+10
