n_sub,mass
7.667600000000000000e+04,2.597764223563292250e+07
6.700900000000000000e+04,3.270391394893570244e+07
5.867900000000000000e+04,4.117178833544485271e+07
5.134900000000000000e+04,5.183221058450216055e+07
4.479600000000000000e+04,6.525288705429631472e+07
3.912900000000000000e+04,8.214851770558820665e+07
3.411600000000000000e+04,1.034188564807879925e+08
2.968600000000000000e+04,1.301966264823578000e+08
2.555600000000000000e+04,1.639078416085135341e+08
2.193800000000000000e+04,2.063477469932908416e+08
1.868700000000000000e+04,2.597764223563270867e+08
1.585800000000000000e+04,3.270391394893543124e+08
1.336900000000000000e+04,4.117178833544450998e+08
1.121500000000000000e+04,5.183221058450173140e+08
9.320000000000000000e+03,6.525288705429577827e+08
7.719000000000000000e+03,8.214851770558753014e+08
6.327000000000000000e+03,1.034188564807871342e+09
5.190000000000000000e+03,1.301966264823567390e+09
4.227000000000000000e+03,1.639078416085121870e+09
3.412000000000000000e+03,2.063477469932891607e+09
2.722000000000000000e+03,2.597764223563249588e+09
2.157000000000000000e+03,3.270391394893516541e+09
1.729000000000000000e+03,4.117178833544418335e+09
1.389000000000000000e+03,5.183221058450130463e+09
1.112000000000000000e+03,6.525288705429525375e+09
8.870000000000000000e+02,8.214851770558686256e+09
7.060000000000000000e+02,1.034188564807862854e+10
5.880000000000000000e+02,1.301966264823556519e+10
4.610000000000000000e+02,1.639078416085108566e+10
3.640000000000000000e+02,2.063477469932875061e+10
2.790000000000000000e+02,2.597764223563228607e+10
2.010000000000000000e+02,3.270391394893489838e+10
1.490000000000000000e+02,4.117178833544384003e+10
9.400000000000000000e+01,5.183221058450088501e+10
5.400000000000000000e+01,6.525288705429470825e+10
3.700000000000000000e+01,8.214851770558618164e+10
2.400000000000000000e+01,1.034188564807854462e+11
1.500000000000000000e+01,1.301966264823545837e+11
9.000000000000000000e+00,1.639078416085094910e+11
6.000000000000000000e+00,2.063477469932857666e+11
2.000000000000000000e+00,2.597764223563207397e+11
