n_sub,mass
1.187000000000000000e+03,2.597764223563292250e+07
1.056000000000000000e+03,3.270391394893570244e+07
9.270000000000000000e+02,4.117178833544485271e+07
8.160000000000000000e+02,5.183221058450216055e+07
7.110000000000000000e+02,6.525288705429631472e+07
6.160000000000000000e+02,8.214851770558820665e+07
5.460000000000000000e+02,1.034188564807879925e+08
4.720000000000000000e+02,1.301966264823578000e+08
4.160000000000000000e+02,1.639078416085135341e+08
3.430000000000000000e+02,2.063477469932908416e+08
2.960000000000000000e+02,2.597764223563270867e+08
2.430000000000000000e+02,3.270391394893543124e+08
2.080000000000000000e+02,4.117178833544450998e+08
1.730000000000000000e+02,5.183221058450173140e+08
1.410000000000000000e+02,6.525288705429577827e+08
1.180000000000000000e+02,8.214851770558753014e+08
9.800000000000000000e+01,1.034188564807871342e+09
7.400000000000000000e+01,1.301966264823567390e+09
5.600000000000000000e+01,1.639078416085121870e+09
4.400000000000000000e+01,2.063477469932891607e+09
3.300000000000000000e+01,2.597764223563249588e+09
2.700000000000000000e+01,3.270391394893516541e+09
2.200000000000000000e+01,4.117178833544418335e+09
1.900000000000000000e+01,5.183221058450130463e+09
1.500000000000000000e+01,6.525288705429525375e+09
1.400000000000000000e+01,8.214851770558686256e+09
1.100000000000000000e+01,1.034188564807862854e+10
1.100000000000000000e+01,1.301966264823556519e+10
8.000000000000000000e+00,1.639078416085108566e+10
5.000000000000000000e+00,2.063477469932875061e+10
3.000000000000000000e+00,2.597764223563228607e+10
2.000000000000000000e+00,3.270391394893489838e+10
1.000000000000000000e+00,4.117178833544384003e+10
1.000000000000000000e+00,5.183221058450088501e+10
