n_sub,mass
1.142700000000000000e+04,2.597764223563292250e+07
1.037800000000000000e+04,3.270391394893570244e+07
9.440000000000000000e+03,4.117178833544485271e+07
8.514000000000000000e+03,5.183221058450216055e+07
7.721000000000000000e+03,6.525288705429631472e+07
7.024000000000000000e+03,8.214851770558820665e+07
6.415000000000000000e+03,1.034188564807879925e+08
5.844000000000000000e+03,1.301966264823578000e+08
5.281000000000000000e+03,1.639078416085135341e+08
4.787000000000000000e+03,2.063477469932908416e+08
4.317000000000000000e+03,2.597764223563270867e+08
3.901000000000000000e+03,3.270391394893543124e+08
3.476000000000000000e+03,4.117178833544450998e+08
3.084000000000000000e+03,5.183221058450173140e+08
2.710000000000000000e+03,6.525288705429577827e+08
2.360000000000000000e+03,8.214851770558753014e+08
2.053000000000000000e+03,1.034188564807871342e+09
1.792000000000000000e+03,1.301966264823567390e+09
1.545000000000000000e+03,1.639078416085121870e+09
1.339000000000000000e+03,2.063477469932891607e+09
1.138000000000000000e+03,2.597764223563249588e+09
9.850000000000000000e+02,3.270391394893516541e+09
8.510000000000000000e+02,4.117178833544418335e+09
7.380000000000000000e+02,5.183221058450130463e+09
6.230000000000000000e+02,6.525288705429525375e+09
5.180000000000000000e+02,8.214851770558686256e+09
4.330000000000000000e+02,1.034188564807862854e+10
3.700000000000000000e+02,1.301966264823556519e+10
2.930000000000000000e+02,1.639078416085108566e+10
2.440000000000000000e+02,2.063477469932875061e+10
1.890000000000000000e+02,2.597764223563228607e+10
1.420000000000000000e+02,3.270391394893489838e+10
1.050000000000000000e+02,4.117178833544384003e+10
7.300000000000000000e+01,5.183221058450088501e+10
5.100000000000000000e+01,6.525288705429470825e+10
3.000000000000000000e+01,8.214851770558618164e+10
1.800000000000000000e+01,1.034188564807854462e+11
1.400000000000000000e+01,1.301966264823545837e+11
8.000000000000000000e+00,1.639078416085094910e+11
3.000000000000000000e+00,2.063477469932857666e+11
1.000000000000000000e+00,2.597764223563207397e+11
0.000000000000000000e+00,3.270391394893463135e+11
0.000000000000000000e+00,4.117178833544350586e+11
